regiao;estado;data;casosNovos;casosAcumulados;obitosNovos;obitosAcumulados
Nordeste;AL;2020-01-26;0;0;0;0
Nordeste;AL;2020-01-27;0;0;0;0
Nordeste;AL;2020-01-28;0;0;0;0
Nordeste;AL;2020-01-29;0;0;0;0
Nordeste;AL;2020-01-30;0;0;0;0
Nordeste;AL;2020-01-31;0;0;0;0
Nordeste;AL;2020-02-01;0;0;0;0
Nordeste;AL;2020-02-02;0;0;0;0
Nordeste;AL;2020-02-03;0;0;0;0
Nordeste;AL;2020-02-04;0;0;0;0
Nordeste;AL;2020-02-05;0;0;0;0
Nordeste;AL;2020-02-06;0;0;0;0
Nordeste;AL;2020-02-07;0;0;0;0
Nordeste;AL;2020-02-08;0;0;0;0
Nordeste;AL;2020-02-09;0;0;0;0
Nordeste;AL;2020-02-10;0;0;0;0
Nordeste;AL;2020-02-11;0;0;0;0
Nordeste;AL;2020-02-12;0;0;0;0
Nordeste;AL;2020-02-13;0;0;0;0
Nordeste;AL;2020-02-14;0;0;0;0
Nordeste;AL;2020-02-15;0;0;0;0
Nordeste;AL;2020-02-16;0;0;0;0
Nordeste;AL;2020-02-17;0;0;0;0
Nordeste;AL;2020-02-18;0;0;0;0
Nordeste;AL;2020-02-19;0;0;0;0
Nordeste;AL;2020-02-20;0;0;0;0
Nordeste;AL;2020-02-21;0;0;0;0
Nordeste;AL;2020-02-22;0;0;0;0
Nordeste;AL;2020-02-23;0;0;0;0
Nordeste;AL;2020-02-24;0;0;0;0
Nordeste;AL;2020-02-25;0;0;0;0
Nordeste;AL;2020-02-26;0;0;0;0
Nordeste;AL;2020-02-27;0;0;0;0
Nordeste;AL;2020-02-28;0;0;0;0
Nordeste;AL;2020-02-29;0;0;0;0
Nordeste;AL;2020-03-01;0;0;0;0
Nordeste;AL;2020-03-02;0;0;0;0
Nordeste;AL;2020-03-03;0;0;0;0
Nordeste;AL;2020-03-04;0;0;0;0
Nordeste;AL;2020-03-05;0;0;0;0
Nordeste;AL;2020-03-06;0;0;0;0
Nordeste;AL;2020-03-07;0;0;0;0
Nordeste;AL;2020-03-08;1;1;0;0
Nordeste;AL;2020-03-09;0;1;0;0
Nordeste;AL;2020-03-10;0;1;0;0
Nordeste;AL;2020-03-11;0;1;0;0
Nordeste;AL;2020-03-12;0;1;0;0
Nordeste;AL;2020-03-13;0;1;0;0
Nordeste;AL;2020-03-14;0;1;0;0
Nordeste;AL;2020-03-15;0;1;0;0
Nordeste;AL;2020-03-16;0;1;0;0
Nordeste;AL;2020-03-17;0;1;0;0
Nordeste;AL;2020-03-18;0;1;0;0
Nordeste;AL;2020-03-19;3;4;0;0
Nordeste;AL;2020-03-20;1;5;0;0
Nordeste;AL;2020-03-21;2;7;0;0
Nordeste;AL;2020-03-22;0;7;0;0
Nordeste;AL;2020-03-23;0;7;0;0
Nordeste;AL;2020-03-24;2;9;0;0
Nordeste;AL;2020-03-25;2;11;0;0
Nordeste;AL;2020-03-26;0;11;0;0
Nordeste;AL;2020-03-27;0;11;0;0
Nordeste;AL;2020-03-28;3;14;0;0
Nordeste;AL;2020-03-29;3;17;0;0
Nordeste;AL;2020-03-30;0;17;0;0
Nordeste;AL;2020-03-31;1;18;1;1
Nordeste;AL;2020-04-01;0;18;0;1
Nordeste;AL;2020-04-02;0;18;0;1
Nordeste;AL;2020-04-03;4;22;1;2
Nordeste;AL;2020-04-04;1;23;0;2
Nordeste;AL;2020-04-05;5;28;0;2
Nordeste;AL;2020-04-06;3;31;0;2
Nordeste;AL;2020-04-07;1;32;0;2
Nordeste;AL;2020-04-08;5;37;0;2
Nordeste;AL;2020-04-09;0;37;1;3
Nordeste;AL;2020-04-10;8;45;0;3
Nordeste;AL;2020-04-11;3;48;0;3
Nordeste;AL;2020-04-12;0;48;0;3
Nordeste;AL;2020-04-13;2;50;0;3
Nordeste;AL;2020-04-14;22;72;1;4
Nordeste;AL;2020-04-15;10;82;1;5
Nordeste;AL;2020-04-16;7;89;0;5
Nordeste;AL;2020-04-17;21;110;2;7
Nordeste;AL;2020-04-18;22;132;0;7
Nordeste;AL;2020-04-19;27;159;8;15
Nordeste;AL;2020-04-20;12;171;3;18
Nordeste;AL;2020-04-21;39;210;1;19
Nordeste;AL;2020-04-22;33;243;1;20
Nordeste;AL;2020-04-23;81;324;2;22
Nordeste;AL;2020-04-24;89;413;5;27
Nordeste;AL;2020-04-25;88;501;2;29
Nordeste;AL;2020-04-26;53;554;3;32
Nordeste;AL;2020-04-27;89;643;2;34
Nordeste;AL;2020-04-28;134;777;2;36
Nordeste;AL;2020-04-29;180;957;5;41
Nordeste;AL;2020-04-30;87;1044;6;47
Nordeste;AL;2020-05-01;182;1226;6;53
Nordeste;AL;2020-05-02;146;1372;5;58
Nordeste;AL;2020-05-03;69;1441;6;64
Nordeste;AL;2020-05-04;97;1538;8;72
Nordeste;AL;2020-05-05;68;1606;8;80
Nordeste;AL;2020-05-06;97;1703;9;89
Nordeste;AL;2020-05-07;164;1867;9;98
Nordeste;AL;2020-05-08;166;2033;10;108
Nordeste;AL;2020-05-09;139;2172;6;114
Nordeste;AL;2020-05-10;86;2258;8;126
Nordeste;AL;2020-05-11;85;2343;12;138
Nordeste;AL;2020-05-12;237;2580;12;150
Nordeste;AL;2020-05-13;181;2761;14;164
Nordeste;AL;2020-05-14;211;2972;13;177
Nordeste;AL;2020-05-15;240;3212;10;187
Nordeste;AL;2020-05-16;381;3593;12;199
Nordeste;AL;2020-05-17;223;3816;11;210
Nordeste;AL;2020-05-18;215;4031;11;221
Nordeste;AL;2020-05-19;288;4319;13;234
Nordeste;AL;2020-05-20;118;4437;17;251
Nordeste;AL;2020-05-21;479;4916;11;262
Nordeste;AL;2020-05-22;386;5302;18;280
Nordeste;AL;2020-05-23;328;5630;21;301
Nordeste;AL;2020-05-24;584;6214;15;316
Nordeste;AL;2020-05-25;468;6682;21;337
Nordeste;AL;2020-05-26;376;7058;15;352
Nordeste;AL;2020-05-27;522;7580;16;368
Nordeste;AL;2020-05-28;476;8056;17;385
Nordeste;AL;2020-05-29;563;8619;21;406
Nordeste;AL;2020-05-30;604;9223;18;424
Nordeste;AL;2020-05-31;1065;10288;19;443
Nordeste;AL;2020-06-01;549;10837;18;461
Nordeste;AL;2020-06-02;722;11559;21;482
Nordeste;AL;2020-06-03;848;12407;24;506
Nordeste;AL;2020-06-04;689;13096;25;531
